# Results for "element" with Id # 102 for search config "initial" at position: x0: 0.5005; y0: 0.1261; z0: 0
# time DISPLACEMENT_X
0.1 8.373348647843964e-07
0.2 4.095247724045782e-06
0.30000000000000004 1.1677891230944354e-05
0.4 2.47514408500411e-05
0.5 4.481520271453217e-05
0.6 7.372289810189304e-05
0.7 0.00011290120050892992
0.7999999999999999 0.00016360787905304964
0.8999999999999999 0.00022566407215414113
0.9999999999999999 0.0002991896574486525
1.0999999999999999 0.0003859724463006972
1.2 0.000487117237408125
1.3 0.0006037905569708677
1.4000000000000001 0.0007370079196392345
1.5000000000000002 0.0008877434661240737
1.6000000000000003 0.0010579478786016175
1.7000000000000004 0.00124806014888242
1.8000000000000005 0.0014597206095169244
1.9000000000000006 0.0016945204553433192
2.0000000000000004 0.0019489315178475436
2.1000000000000005 0.002226367892300099
2.2000000000000006 0.002527371906043894
2.3000000000000007 0.002853173854054501
2.400000000000001 0.0031999777505400187
2.500000000000001 0.003565419159762305
2.600000000000001 0.0039521372471469154
2.700000000000001 0.004359167245813064
2.800000000000001 0.004790696408115453
2.9000000000000012 0.005242589390646036
3.0000000000000013 0.005714596715008315
3.1000000000000014 0.00620739341599429
3.2000000000000015 0.006721206018983138
3.3000000000000016 0.007255100045459047
3.4000000000000017 0.007808351580250538
3.5000000000000018 0.008376722328971698
3.600000000000002 0.008960935218256433
3.700000000000002 0.009562906084254188
3.800000000000002 0.010178387733836407
3.900000000000002 0.010802956273220483
4.000000000000002 0.011438124729871636
4.100000000000001 0.012085379304474824
4.200000000000001 0.012739768750538838
4.300000000000001 0.01339960895593778
4.4 0.014064679914394505
4.5 0.014735262519662642
4.6 0.015407554099071682
4.699999999999999 0.01607716284414155
4.799999999999999 0.016744497680529866
4.899999999999999 0.017409577200652605
4.999999999999998 0.018068584324192886
5.099999999999998 0.018718171912218272
5.1999999999999975 0.019357133201201686
5.299999999999997 0.019986798920519196
5.399999999999997 0.0206055024163364
5.4999999999999964 0.02121133829137418
5.599999999999996 0.02180102299652532
5.699999999999996 0.02237169390672941
5.799999999999995 0.0229236308731682
5.899999999999995 0.023456819153969133
5.999999999999995 0.02396918291202363
6.099999999999994 0.02445809305939229
6.199999999999994 0.024923202553414375
6.299999999999994 0.025368171092033626
6.399999999999993 0.025791488557046584
6.499999999999993 0.02619274416057649
6.5999999999999925 0.026571881001975606
6.699999999999992 0.026928537074013423
6.799999999999992 0.027262676424402534
6.8999999999999915 0.027572840331647135
6.999999999999991 0.027859403401510628
7.099999999999991 0.02812249406447999
7.19999999999999 0.028364262219038608
7.29999999999999 0.028584328344909173
7.39999999999999 0.028784825800021497
7.499999999999989 0.028965648455333892
7.599999999999989 0.029129461491310283
7.699999999999989 0.029276210551471855
7.799999999999988 0.029407762133186358
7.899999999999988 0.0295240548671779
7.999999999999988 0.029626338345136043
8.099999999999987 0.029715227048820084
8.199999999999987 0.029791185815789694
8.299999999999986 0.02985671282731505
8.399999999999986 0.029911070562972344
8.499999999999986 0.029955919180434464
8.599999999999985 0.029989937493365645
8.699999999999985 0.03001549413824873
8.799999999999985 0.030030978371487535
8.899999999999984 0.030038853403554343
8.999999999999984 0.030037683094328103
9.099999999999984 0.030029531069464457
9.199999999999983 0.03001447307282463
9.299999999999983 0.02999275378727071
9.399999999999983 0.029964280191590732
9.499999999999982 0.029927894618140556
9.599999999999982 0.029884638040694498
9.699999999999982 0.029834026140745668
9.799999999999981 0.029776515154786236
9.89999999999998 0.02971034262388613
9.99999999999998 0.02963657868980133
10.09999999999998 0.029554030724502346
10.19999999999998 0.029466154903324354
10.29999999999998 0.029373121873880276
10.399999999999979 0.029277556920909702
10.499999999999979 0.02917947380623895
10.599999999999978 0.029078169981549985
10.699999999999978 0.028974733121083392
10.799999999999978 0.02886898374867502
10.899999999999977 0.028761860288895096
10.999999999999977 0.028653792741345892
11.099999999999977 0.028544079205327103
11.199999999999976 0.02843339375905418
11.299999999999976 0.028322321828950846
11.399999999999975 0.02821210430510493
11.499999999999975 0.02810327161455652
11.599999999999975 0.027995179186096678
11.699999999999974 0.02788912583936646
11.799999999999974 0.027784532305291116
11.899999999999974 0.027682009521784276
11.999999999999973 0.02757965027782719
12.099999999999973 0.02747962434654744
12.199999999999973 0.027381203885739138
12.299999999999972 0.02728540019589058
12.399999999999972 0.02719179095053942
12.499999999999972 0.027099177956912683
12.599999999999971 0.027007925681598925
12.69999999999997 0.026916938485534444
12.79999999999997 0.02682780476170818
12.89999999999997 0.026739892321485062
12.99999999999997 0.026655339808621385
13.09999999999997 0.02657300790258044
13.199999999999969 0.02649333600054423
13.299999999999969 0.02641418372554195
13.399999999999968 0.026335559003935513
13.499999999999968 0.026257534509547636
13.599999999999968 0.026180741211159392
13.699999999999967 0.0261055849972661
13.799999999999967 0.02603129616697806
13.899999999999967 0.02595839965453025
13.999999999999966 0.025885859755831138
14.099999999999966 0.025814703997717126
14.199999999999966 0.025743683026546928
14.299999999999965 0.025673926579193672
14.399999999999965 0.02560398943541623
14.499999999999964 0.025535064865833557
14.599999999999964 0.025465906935169383
14.699999999999964 0.025397653289070326
14.799999999999963 0.025329257914652153
14.899999999999963 0.0252614640789613
14.999999999999963 0.025193634084928924
15.099999999999962 0.0251261146047878
15.199999999999962 0.025058764813600126
15.299999999999962 0.024991466408118994
15.399999999999961 0.02492452045486946
15.499999999999961 0.024857388594930366
15.59999999999996 0.024790798622897126
15.69999999999996 0.024723860537539902
15.79999999999996 0.0246576744739001
15.89999999999996 0.02459101828262169
15.99999999999996 0.024525314389570906
16.09999999999996 0.024459068402906216
16.19999999999996 0.024393956426915483
16.29999999999996 0.024328306297460175
16.399999999999963 0.02426391224544741
16.499999999999964 0.0241990691470673
16.599999999999966 0.024135520145176663
16.699999999999967 0.024071698507983113
16.79999999999997 0.024009143199939055
16.89999999999997 0.023947224329741078
16.99999999999997 0.02388448831990575
17.099999999999973 0.023823235191080375
17.199999999999974 0.023761969057067234
17.299999999999976 0.02370285943728146
17.399999999999977 0.023644844415623992
17.49999999999998 0.023589696687579313
17.59999999999998 0.023535731803158093
17.69999999999998 0.023483025012508252
17.799999999999983 0.023429968653106065
17.899999999999984 0.023376825447093675
17.999999999999986 0.023323159264410545
18.099999999999987 0.023270373035071075
18.19999999999999 0.023219271950542884
18.29999999999999 0.02317044991738154
18.39999999999999 0.023123326231296294
18.499999999999993 0.023077613162600895
18.599999999999994 0.023032894163804028
18.699999999999996 0.022989082398079994
18.799999999999997 0.02294608285881653
18.9 0.02290522395974512
19.0 0.02286500053748219
19.1 0.02282599928328794
19.200000000000003 0.022788468375990637
19.300000000000004 0.02275248000640155
19.400000000000006 0.02271769665813568
19.500000000000007 0.022683903812558366
19.60000000000001 0.022652154137003767
19.70000000000001 0.022621583526137377
19.80000000000001 0.022592769221449358
19.900000000000013 0.022564432318093748
20.000000000000014 0.022538157085483186
20.100000000000016 0.022512797392101967
20.200000000000017 0.022489464974919025
20.30000000000002 0.02246647753845217
20.40000000000002 0.022445232783363248
20.50000000000002 0.022424771197326002
20.600000000000023 0.022406173072246467
20.700000000000024 0.022388128995253047
20.800000000000026 0.022371345130290772
20.900000000000027 0.022355423222633924
21.00000000000003 0.022340981522204782
21.10000000000003 0.02232740121345681
21.20000000000003 0.02231456125503057
21.300000000000033 0.022302603492562648
21.400000000000034 0.02229175176590948
21.500000000000036 0.02228506050615959
21.600000000000037 0.02227792087692654
21.70000000000004 0.02227068654577776
21.80000000000004 0.022263057307000844
21.90000000000004 0.022254900251449244
22.000000000000043 0.02224418514039308
22.100000000000044 0.022233583682795956
22.200000000000045 0.022223974663461963
22.300000000000047 0.022216071498161065
22.40000000000005 0.022207959083350624
22.50000000000005 0.022201030250373475
22.60000000000005 0.022197528056210752
22.700000000000053 0.022196664090360772
22.800000000000054 0.022193867096739553
22.900000000000055 0.022187043489332203
23.000000000000057 0.022180095042092486
23.10000000000006 0.022174929754996516
23.20000000000006 0.022172758158648546
23.30000000000006 0.02217232948351365
23.400000000000063 0.022174195308392205
23.500000000000064 0.022173974533838455
23.600000000000065 0.02217149905287416
23.700000000000067 0.022166643153547435
23.800000000000068 0.022161715292500495
23.90000000000007 0.02215596550009477
24.00000000000007 0.0221517285927065
24.100000000000072 0.02214858329616345
24.200000000000074 0.022147917213995644
24.300000000000075 0.0221502736679142
24.400000000000077 0.022155761216231445
24.500000000000078 0.022162101526130802
24.60000000000008 0.0221668024299919
24.70000000000008 0.022168816135220412
24.800000000000082 0.022167305538619318
24.900000000000084 0.022162839002693474
25.000000000000085 0.022156522810960255
